# Fix print output for fix def1
-0.000999999999999368 -0.0907421317075799 -0.00307403930249871 -0.0364919272662547
-0.00199999999999943 -0.110637681029702 0.0461391084394931 0.0426699586083125
-0.00299999999999932 -0.194946073161279 -0.0407523661530298 0.00199871899683963
-0.00399999999999939 -0.272738179519641 -0.0338342559922471 -0.0107883832600446
-0.00499999999999946 -0.286539356954858 0.0522821760807671 0.000228810802887815
-0.00599999999999935 -0.316325351059269 0.048928128555973 -0.00863274330366822
-0.00699999999999941 -0.396052310178743 -0.0191441101478077 -0.0115457321463464
-0.00799999999999948 -0.4900266754203 -0.0203545443767529 0.0475908083476457
-0.00899999999999937 -0.574563224005218 -0.0608457386160145 -0.0334234743876866
-0.00999999999999943 -0.570858982635255 -0.0163811197675606 -0.0180120740418601
-0.0109999999999993 -0.599501529820947 0.0534296831894688 0.00849277405895809
-0.0119999999999994 -0.732809713579837 0.0122860817839752 -0.0179016755272103
-0.0129999999999995 -0.751401905888196 -0.0226196448295901 0.021778918919592
-0.0139999999999993 -0.819137257214732 0.0156521321146277 0.0276723393322959
-0.0149999999999994 -0.919343950972234 0.0190739267376865 -0.0359606277074039
-0.0159999999999995 -0.943105939266378 0.0341514327610507 0.0244915306073116
-0.0169999999999994 -1.00223460077349 0.0777656205945462 0.0328691374188043
-0.0179999999999994 -1.07684001049929 -0.047267345822882 -0.0564042386035109
-0.0189999999999993 -1.11160834414631 -0.0394417179394193 0.000146876609597105
-0.0199999999999994 -1.14432587226454 0.0325864846505338 0.0637710073311627
-0.0209999999999995 -1.31386333601074 -0.0265190184035927 -0.0430955372804976
-0.0219999999999993 -1.29421590667622 -0.0130832954771259 -0.0260405837349826
-0.0229999999999994 -1.33759975027683 0.0493124501066549 0.0389461227010241
-0.0239999999999995 -1.44065990960216 -0.0511075863741428 -0.0599614098369815
-0.0249999999999994 -1.41050945071672 -0.0171769527370748 0.0474546194201053
-0.0259999999999994 -1.49356206530805 0.0190594659086821 0.0337970672487907
-0.0269999999999995 -1.60674396841086 -0.0144643894269673 -0.0708766222528089
-0.0279999999999994 -1.61045666247517 0.0249475441917712 0.0137414701583831
-0.0289999999999995 -1.66366852713224 0.00426114215525498 0.0157936122093846
-0.0299999999999993 -1.7988522462535 -0.0431086471958955 -0.0302377118930893
-0.0309999999999994 -1.77105080220749 0.07910389136682 0.0202222849588015
-0.0319999999999995 -1.86548290682978 -0.00295709977148663 -0.0140014886101833
-0.0329999999999994 -1.90664199106921 -0.0110035418595461 0.0162537981753179
-0.0339999999999994 -1.9207307252646 -0.00278531526842219 -0.0185104158451679
-0.0349999999999995 -1.90538646382229 0.0506305704923744 0.0132676400532275
-0.0359999999999994 -2.06600344989014 0.0298268565906924 -0.0153911874989578
-0.0369999999999995 -2.15869529883032 -0.0660310849072246 -0.0727577287908181
-0.0379999999999993 -2.12724905708522 0.0548751377642328 0.0970559085458182
-0.0389999999999994 -2.26879549039635 -0.0641965380826959 -0.00829742471406581
-0.0399999999999995 -2.39821385231403 -0.0637702522027367 -0.0374576212475536
-0.0409999999999994 -2.28984803889527 0.030450946760563 0.00203239444749151
-0.0419999999999994 -2.38687113989835 0.0215678686042366 0.0351079867567664
-0.0429999999999995 -2.55239046864845 -0.122102074169183 -0.120762549025134
-0.0439999999999994 -2.43238546020672 0.0500112869435622 0.126165975365647
-0.0449999999999995 -2.58065898606009 0.0758761063644896 0.076755228103024
-0.0459999999999995 -2.75024375197632 -0.111244747977434 -0.125367998756435
-0.0469999999999994 -2.66885054753527 -0.00318553666054656 0.0529189715473127
-0.0479999999999995 -2.71626783220475 0.0364897982613565 0.012924328098981
-0.0489999999999994 -2.85370995378667 -0.00867064896643884 -0.0851536078624692
-0.0499999999999994 -2.80856820057098 0.0628155439396392 0.0455632689990811
-0.0509999999999995 -2.9321634657497 -0.0226875817714023 0.0174102541428114
-0.0519999999999994 -3.07472865893519 -0.114747446905368 -0.021022069900854
-0.0529999999999995 -3.006166084374 0.0188722552982416 0.0295787491315143
-0.0539999999999995 -3.08286787388174 0.0485873191993375 0.00559126794186732
-0.0549999999999994 -3.23468752749105 -0.0209936554381494 -0.0490986835671675
-0.0559999999999995 -3.22687561903519 -0.00775004812031383 -0.0164284606869072
-0.0569999999999994 -3.23764060847549 0.000578186954377082 0.0405748648195129
-0.0579999999999994 -3.35167750480147 -0.0223953527197874 -0.00232785582498704
-0.0589999999999995 -3.4423307478308 0.0187548233606696 -0.0398260249154162
-0.0599999999999994 -3.39219770410947 0.0525169918396346 0.0817124525866684
-0.0609999999999995 -3.55160843106055 -0.0201713074152015 -0.00743979943557177
-0.0619999999999995 -3.60087331950648 -0.0854905934522509 -0.0362056629121409
-0.0629999999999994 -3.56462803053313 0.0726970386769597 0.0527945415619212
-0.0639999999999995 -3.70346241279449 -0.0330568951650642 -0.0142541326627384
-0.0649999999999994 -3.75807277409818 0.00619446153472851 0.0011696744225695
-0.0659999999999994 -3.73977871108451 0.00480768325204583 -0.0116227780780113
-0.0669999999999995 -3.75844337316856 0.0521785972097171 0.00483057928200956
-0.0679999999999994 -3.88444106754149 -0.074159667034881 -0.0183978733189652
-0.0689999999999995 -3.87052426512134 0.0211608422289925 0.0116175655038107
-0.0699999999999995 -3.90872900089258 0.0773376193702032 0.0704354994149303
-0.0709999999999994 -4.09310535359658 -0.0186461680947006 0.00873102310514439
-0.0719999999999995 -4.02945517432273 -0.063575125314729 -0.0290435434393449
-0.0729999999999994 -3.94255501886512 0.102544312946394 0.128147358359217
-0.0739999999999994 -4.13452142151173 -0.0625721087817141 -0.0409938143279612
-0.0749999999999995 -4.23591902960864 -0.0224477448017685 -0.0465312798704375
-0.0759999999999994 -4.14423330868816 0.0458640410781883 0.0307491143128461
-0.0769999999999995 -4.26352086265014 0.0372823425983604 0.00192115858997983
-0.0779999999999995 -4.37566881879526 -0.0499942933618683 -0.0956215093444892
-0.0789999999999994 -4.26547622761443 0.0423065742592448 0.112528722067743
-0.0799999999999995 -4.32148026578065 -0.0421102011017366 0.0643991774075735
-0.0809999999999994 -4.43801465096207 -0.0436255059178311 -0.0679900662596773
-0.0819999999999994 -4.44269760452505 0.056719291949847 -0.00737192031801536
-0.0829999999999995 -4.49836577836594 0.0493772825090524 -0.0800942667920095
-0.0839999999999994 -4.59480847300186 -0.06844801834545 0.0153673278119925
-0.0849999999999995 -4.60818558491506 -0.0582202935033088 0.0927819460555786
-0.0859999999999995 -4.54869867590677 0.113278196330583 0.0441888698832813
-0.0869999999999994 -4.70058963770185 -0.0481312651659173 -0.103961655314274
-0.0879999999999995 -4.71986273643508 0.0332340226466533 0.0684828979137074
-0.0889999999999995 -4.72770844985501 -0.0525687970917701 -0.0507000597401508
-0.0899999999999994 -4.71333408306027 -0.0130402177453235 0.00528296228587943
-0.0909999999999995 -4.66947322071759 0.00157914220442464 0.0571987657381909
-0.0919999999999994 -4.74723431866422 0.0519189603833173 0.0452769080751151
-0.0929999999999995 -4.77873234170677 -0.0611128279048425 -0.0871745972918264
-0.0939999999999995 -4.66452342181708 0.0268196347907026 0.08625235793004
-0.0949999999999994 -4.72313139367768 0.00137312322913639 0.0497968853889876
-0.0959999999999995 -4.79608288774174 0.012269822653365 -0.0159251967387789
-0.0969999999999995 -4.76842928906439 -0.0356878825041096 -0.0937983077314095
-0.0979999999999994 -4.61026530388593 0.0750067710214549 0.0684109327915338
-0.0989999999999995 -4.67837209661083 -0.0196746934239078 0.0432996797277034
-0.0999999999999996 -4.65678749250574 -0.198267588053634 -0.14895840600455
-0.100999999999999 -4.43067583611636 0.0549598140089427 0.0865494752938101
-0.102 -4.21289435916358 0.0758439563997264 -0.0170477295314249
-0.102999999999999 -3.92964629704078 -0.119717014337431 -0.145660488080013
-0.103999999999999 -3.3884057264425 -0.099114600034513 0.0530056492469427
-0.105 -2.92086641550685 0.0417243653228422 0.0520416041771331
-0.105999999999999 -2.48624546046197 -0.0729274607160946 -0.10127688245823
-0.106999999999999 -1.90642044309015 -0.00397449655739826 -0.101785984144705
-0.108 -1.3114395970622 0.0596540410603588 -0.0380487232977544
-0.108999999999999 -0.835914047082157 0.053740278474659 0.0352778225342595
-0.11 -0.558264657965856 0.0946843992574645 -0.0771615150681386
-0.111 -0.396605624330006 0.100618287112324 0.010617845141994
-0.111999999999999 -0.584017984118751 0.215299976111534 -0.0771215959074327
-0.113 -0.609677865568942 0.0928139260482226 -0.250710692771595
-0.113999999999999 -0.452900808776933 0.079582356650876 -0.140203116605781
-0.115 -0.47560416321295 0.0131132924857444 0.0493877756827484
-0.115999999999999 -0.646253164650566 -0.201449222433231 0.0516389381371732
-0.116999999999999 -0.584550136685079 -0.196589926238733 -0.00024438933170031
-0.118 -0.433318663982873 0.0271352611717363 0.023255246648119
-0.118999999999999 -0.477713256398687 0.168452336885411 -0.049816506096689
-0.119999999999999 -0.675783393022527 0.0327207627822379 -0.0690607953186568
-0.121 -0.711859706827187 -0.00405278934987619 0.0522722405496766
-0.121999999999999 -0.806847530859685 -0.0399408209693285 0.0170941227476995
-0.122999999999999 -0.890473285543051 -0.0154662696122819 0.0261426268408392
-0.124 -0.999130469238491 -0.0173929480441902 -0.051312169044618
-0.124999999999999 -0.956636061704366 0.126712431066538 -0.00357237094547767
-0.126 -1.00575976822967 -0.0575707647177513 -0.0574912029590883
-0.126999999999999 -1.06757790280286 -0.0648961776033492 0.00422040713073488
-0.127999999999999 -1.05596283351408 -0.0257628431337812 0.108314661311895
-0.129 -1.14774720060622 -0.0231889768087438 0.0458474468973079
-0.129999999999999 -1.26619065523879 0.0140323382046719 -0.0313223352568936
-0.131 -1.34603045238663 0.086342601959824 -0.140695960818839
-0.132 -1.42193829415275 0.097676806344701 0.0562181390015044
-0.132999999999999 -1.52801628592262 -0.0692033955835652 -0.0371950209403914
-0.134 -1.54195541385059 -0.0944379512496479 -0.0354744992398535
-0.134999999999999 -1.51877074984161 -0.0149761297454917 0.0256072689995614
-0.135999999999999 -1.5082547015638 0.0481701050795955 0.0568226633467278
-0.137 -1.63398551831705 -0.0447765288223057 -0.0501964895093212
-0.137999999999999 -1.67326929155587 -0.0108321999604055 -0.0522245717152167
-0.139 -1.799596029522 0.0830849798455377 0.0119045700474762
-0.14 -1.93069283222829 -0.093034471287533 -0.0807019690559968
-0.140999999999999 -1.9202588822475 0.000949733422314395 0.0304266104058284
-0.142 -1.99757639849351 -0.0145631858411617 -0.0127626378881455
-0.143 -2.08530167139577 0.0113258738134007 0.0381198635825305
-0.143999999999999 -2.05595886920966 -0.071972519430354 0.00450184728673811
-0.145 -2.04366965363421 0.0288332050543961 -0.0258143845153927
-0.145999999999999 -2.1401676876679 0.0627584902492996 -0.0358980182497161
-0.146999999999999 -2.26387402033383 -0.00996407335385549 -0.0202151856903814
-0.148 -2.37765461780312 0.0081919554029736 0.0732401965871322
-0.148999999999999 -2.45911787688662 -0.0652892018859162 0.0205869340000241
-0.15 -2.50763932515783 0.00642133875259835 -0.0175424766542764
-0.151 -2.49634564383186 0.13224982784823 0.0369424635392571
-0.151999999999999 -2.59247927543178 -0.0796350149994088 -0.0642041820204403
-0.153 -2.54646033890245 -0.00950153117759218 0.0887811934890794
-0.154 -2.50403851457601 -0.0386437859622246 0.044460492964959
-0.154999999999999 -2.56607214168923 -0.0178795474425236 0.0199151351533239
-0.156 -2.66365403360162 -0.00166904084083797 -0.0428094877264327
-0.156999999999999 -2.71799061278926 0.0447550624013701 0.00623532690343086
-0.158 -2.91103597744955 0.0856354851446958 0.0170708479312616
-0.159 -3.14699807320306 -0.0766428804486092 -0.0950591016255192
-0.159999999999999 -3.0155570815794 -0.0230962316171309 0.022572683504895
-0.161 -3.02836278437416 0.0356588580961882 0.0691544369540723
-0.161999999999999 -3.0632706511812 -0.0410380858601253 -0.161508839355296
-0.163 -3.03494138099381 0.0627760100482911 0.0365250845982927
-0.164 -2.92538300378448 0.056443259218642 -0.00375937208847891
-0.164999999999999 -2.80748102499272 -0.132728401048875 -0.0267024725916899
-0.166 -2.55171673914185 -0.0354307647489089 0.0905389959339903
-0.167 -2.48907779549628 0.0288328130771912 -0.043358972022594
-0.167999999999999 -2.22504365813153 0.0127491984397318 -0.135765343714013
-0.169 -1.69294360560486 -0.00566980462588164 -0.0261865349260216
-0.17 -1.21807310130733 0.0678841392424483 0.0413846089421117
-0.170999999999999 -0.923466460338467 -0.0266506260441868 -0.0262324498946086
-0.172 -0.739188951869016 -0.0245327750078885 0.109667830997621
-0.172999999999999 -0.720815992002658 -0.0400955385822216 0.00835286598570745
-0.174 -0.534181997956168 -0.0331707619908909 0.0759809779737664
-0.175 -0.598047652482015 0.0187728520360586 -0.00560570899301034
-0.175999999999999 -0.771276378660728 0.0372053980940617 -0.0561098826494626
-0.177 -0.833213156889739 0.0141603110443394 -0.0570204428528199
-0.177999999999999 -0.810272913657983 0.0703862850179558 -0.00180589371888832
-0.178999999999999 -0.932364999147058 -0.0373165096408621 0.0635105059481753
-0.18 -0.997823514206382 -0.122187707544265 -0.022692992848835
-0.180999999999999 -0.847427845253658 0.0221961617715878 0.0779980357629991
-0.182 -0.865323645262319 -0.0194175901876248 -0.0338749586252134
-0.183 -0.942690435916943 0.00792353373411207 -0.11435214581232
-0.183999999999999 -0.922140488402046 0.00441309621212839 -0.0674039313367436
-0.185 -0.856812481647088 -0.0293208686386815 0.0521272023387636
-0.186 -0.935073104522156 -0.0596245784397415 0.00151474781108961
-0.186999999999999 -0.784609203274478 0.00329256760063729 0.0892811579744095
-0.188 -0.767240730694071 0.0569409787942053 0.0143015498536828
-0.188999999999999 -0.969193361447825 0.0366112944934167 -0.131633249402128
-0.19 -1.03545503343138 0.0299307125108069 -0.0591290009120154
-0.191 -1.08136643427839 0.00920968904980319 0.027619592065285
-0.191999999999999 -1.2071476368355 0.0210383752550346 0.0340373773502348
-0.193 -1.43073562417838 -0.0263058591039576 -0.0536581680504765
-0.194 -1.51014481823697 0.0545100676685723 -0.0941718317716949
-0.195 -1.49755154237509 0.141027223896672 0.0516359981825036
-0.196 -1.62368631777238 -0.120457059445657 -0.0729358603010163
-0.197 -1.56498641860583 -0.157946163087421 0.0512154798041177
-0.198 -1.61829504221157 0.0713085593643391 0.0460587201946534
-0.199 -1.66943741008535 0.0667973740347311 -0.128721039998687
-0.199999999999999 -1.73878919475722 0.0104517846947128 -0.138886604378011
